Number:2128023255
	File:1 [348697524, 1225136114]
	File:2 [1785736751, 823946934, 1051454923, 770695571, 490000526, 322401182, 2024977737, 1549972386, 2069520666]
	File:3 [1995627518, 417315900, 747441732, 339166473, 1866437132]
	File:4 [1760844750, 58731376, 1769748771, 1138409539, 1121910732, 561866144, 2096929657, 519927529, 1812140441]
	File:5 [295456419, 1196050747, 1459753033, 906164396, 1133802214, 586298866]
	File:6 [89101055, 1995627518, 1388450337, 1511014697, 1498981529, 284277889, 1813163240]
	File:7 [378213925, 1061886576, 888346940, 1384049914, 706712922, 426204934, 1067970820, 2120834317, 2094011037, 1813163240]
	File:8 [13938521]
	File:9 [124660666, 667779376]
	File:10 [1822393017, 564409423, 1812140441, 1419179580, 1960488639, 1670128972]
	File:11 [1426725702, 1008330525, 1071722055, 49310608]
	File:12 [140515379, 304330003, 1652563013, 698594025, 1328367510, 664847319, 1304963614, 1986972437, 260060661, 1995627518]
	File:13 [1955690228, 680229045, 1061886576, 1461042543, 542223599, 654477195, 818665301]
	File:14 [587462342, 1707177877, 1736889606, 1491228808, 293864877, 469306919, 491995979, 52679490]
	File:15 [1297602688]
	File:16 [2031417512, 1284857706]
	File:17 [1131247330, 1388450337, 1870403050, 27911967]
	File:18 [1872111746, 698594025, 1813163240]
	File:19 [1652244897, 323169889, 1961882949, 176390590, 1400944900, 1898551433]
	File:20 [958682846]
	File:21 [1909954149, 1136646449, 816941039, 917840538, 240251661, 835092972, 657091982]
	File:22 [2033929266, 977046129, 1321182659, 402418010, 911047815, 1880160025, 306702926, 420514789]
	File:23 [1609930218]
	File:24 [965067727, 825873196, 1819244083, 1861968817, 1335901990, 1849785671, 491298929, 1008752943]
	File:25 [1962491159, 83651970, 1706869362, 1299301222, 1917906456, 827143233, 487311805, 311570307, 1754569613, 1201124041]
	File:26 [1603828849, 1784572192]
	File:27 [1427818730, 1476426754, 2098228320, 284277889, 465342967, 1753841726, 1408776235, 1181241943, 780520225]
	File:28 [9257255, 1981903597]
	File:29 [465342967, 977046129, 2056061866]
	File:30 [1028439863, 1201474778, 232804774, 2018258729, 888346940, 1418198351, 158998032]
	File:31 [2056061866, 1540492440, 2079617090, 1159995046]
	File:32 [1362784338, 1997109065, 1439622619, 294296873, 1218853328, 969318858, 1494481363]
	File:33 [2098545541, 1745535098, 1567067057, 2010258946, 2123333781]
	File:34 [1427818730]
	File:35 [1421124738, 1452066459, 245522987, 720648887, 1753841726, 2108307952]
	File:36 [942408767, 854001193, 248786714, 215970859, 1277121963]
	File:37 [372214308, 929364954, 1027553177, 422701550, 1961882949, 945826486, 1140882778, 663801533, 1187556862, 1536778950]
	File:38 [656293602, 1348257414, 1145921803, 1670128972, 1323959527, 720648887]
	File:39 [1145921803, 1070298438, 422701550, 457788949, 196814233, 999270936, 1870778191]
	File:40 [1620104855, 1061886576, 1997109065, 1128466620]
	File:41 [823946934, 1508161137]
	File:42 [2005855667, 1549972386, 1109615163, 1525876051, 89101055, 164313410, 1728296502, 464267175]
	File:43 [2031417512, 2140506492]
	File:44 [1079770569, 969318858, 87531510, 1982979741, 1728760924]
	File:45 [1191043170, 1242911821, 1362784338, 863937247, 230249217, 1577691630, 965081954, 599310825, 680229045]
	File:46 [1403792057, 113971123]
	File:47 [1716605598, 429416213, 1461042543]
	File:48 [2041322270, 1315144891, 854316681]
	File:49 [1149938334, 490000526, 1631775357, 197529702, 521521078]
	File:50 [965081954, 1297896903, 495762348, 1968321319, 945826486]
	File:51 [1743499, 1403247962]
	File:52 [390452952, 1070298438, 1936179853, 1886149718]
	File:53 [770348179, 672302490]
	File:54 [1282287615, 373399426, 2005855667, 1974565461, 791835934, 2096929657, 2090237817, 1948385094]
	File:55 [568896616, 1566942273, 1716605598, 1839869544, 1425906387]
	File:56 [1628334692, 40361651, 1400944900]
	File:57 [562117925, 1064746525, 2024977737, 1373142116, 1754034197, 1196342297, 338258951, 770695571, 2018679284, 917840538]
	File:58 [1926780541, 251183830, 1637947177, 352116052, 1136646449, 690737494, 519709079, 195488441, 172793727]
	File:59 [387847884, 1745535098, 1557724698, 378213925, 1443665390, 1284857706, 1716495971, 1193887545]
	File:60 [274989148, 1044987715, 969318858, 1346922426, 1149938334, 1079770569, 1631775357, 913224047]
	File:61 [1210133979, 667779376]
	File:62 [323775634]
	File:63 [2081328344, 1117362852, 1284857706, 874275988, 417436465, 1498981529, 1392783743, 1140882778]
	File:64 [480468219, 1669221121, 542366274, 1770791023, 993260504, 258687184, 267429212]
	File:65 [1917906456]
	File:66 [1194673401, 543669676, 815605132, 1196591018, 542114964, 1103678092, 491914923, 1811967841, 1523961606, 1840877826]
	File:67 [1334661688, 1900838388]
	File:68 [823946934, 275860817, 599707677, 514909066]
	File:69 [933166190, 11017705, 1395925222, 1692304102, 638212450, 1028439863, 920140090, 133272825]
	File:70 [1064746525, 1061886576, 74059253, 1259191105]
	File:71 [936150587, 140515379, 426724858, 1962094851]
	File:72 [752438459, 2128023255, 1282531582, 1881988384, 1378934717, 1282287615, 298159856, 534094883, 431062656]
Number:1476426754
	File:1 [348697524, 1225136114]
	File:2 [1785736751, 823946934, 1051454923, 770695571, 490000526, 322401182, 2024977737, 1549972386, 2069520666]
	File:3 [1995627518, 417315900, 747441732, 339166473, 1866437132]
	File:4 [1760844750, 58731376, 1769748771, 1138409539, 1121910732, 561866144, 2096929657, 519927529, 1812140441]
	File:5 [295456419, 1196050747, 1459753033, 906164396, 1133802214, 586298866]
	File:6 [89101055, 1995627518, 1388450337, 1511014697, 1498981529, 284277889, 1813163240]
	File:7 [378213925, 1061886576, 888346940, 1384049914, 706712922, 426204934, 1067970820, 2120834317, 2094011037, 1813163240]
	File:8 [13938521]
	File:9 [124660666, 667779376]
	File:10 [1822393017, 564409423, 1812140441, 1419179580, 1960488639, 1670128972]
	File:11 [1426725702, 1008330525, 1071722055, 49310608]
	File:12 [140515379, 304330003, 1652563013, 698594025, 1328367510, 664847319, 1304963614, 1986972437, 260060661, 1995627518]
	File:13 [1955690228, 680229045, 1061886576, 1461042543, 542223599, 654477195, 818665301]
	File:14 [587462342, 1707177877, 1736889606, 1491228808, 293864877, 469306919, 491995979, 52679490]
	File:15 [1297602688]
	File:16 [2031417512, 1284857706]
	File:17 [1131247330, 1388450337, 1870403050, 27911967]
	File:18 [1872111746, 698594025, 1813163240]
	File:19 [1652244897, 323169889, 1961882949, 176390590, 1400944900, 1898551433]
	File:20 [958682846]
	File:21 [1909954149, 1136646449, 816941039, 917840538, 240251661, 835092972, 657091982]
	File:22 [2033929266, 977046129, 1321182659, 402418010, 911047815, 1880160025, 306702926, 420514789]
	File:23 [1609930218]
	File:24 [965067727, 825873196, 1819244083, 1861968817, 1335901990, 1849785671, 491298929, 1008752943]
	File:25 [1962491159, 83651970, 1706869362, 1299301222, 1917906456, 827143233, 487311805, 311570307, 1754569613, 1201124041]
	File:26 [1603828849, 1784572192]
	File:27 [1427818730, 1476426754, 2098228320, 284277889, 465342967, 1753841726, 1408776235, 1181241943, 780520225]
Number:977032766
	File:1 [348697524, 1225136114]
	File:2 [1785736751, 823946934, 1051454923, 770695571, 490000526, 322401182, 2024977737, 1549972386, 2069520666]
	File:3 [1995627518, 417315900, 747441732, 339166473, 1866437132]
	File:4 [1760844750, 58731376, 1769748771, 1138409539, 1121910732, 561866144, 2096929657, 519927529, 1812140441]
	File:5 [295456419, 1196050747, 1459753033, 906164396, 1133802214, 586298866]
	File:6 [89101055, 1995627518, 1388450337, 1511014697, 1498981529, 284277889, 1813163240]
	File:7 [378213925, 1061886576, 888346940, 1384049914, 706712922, 426204934, 1067970820, 2120834317, 2094011037, 1813163240]
	File:8 [13938521]
	File:9 [124660666, 667779376]
	File:10 [1822393017, 564409423, 1812140441, 1419179580, 1960488639, 1670128972]
	File:11 [1426725702, 1008330525, 1071722055, 49310608]
	File:12 [140515379, 304330003, 1652563013, 698594025, 1328367510, 664847319, 1304963614, 1986972437, 260060661, 1995627518]
	File:13 [1955690228, 680229045, 1061886576, 1461042543, 542223599, 654477195, 818665301]
	File:14 [587462342, 1707177877, 1736889606, 1491228808, 293864877, 469306919, 491995979, 52679490]
	File:15 [1297602688]
	File:16 [2031417512, 1284857706]
	File:17 [1131247330, 1388450337, 1870403050, 27911967]
	File:18 [1872111746, 698594025, 1813163240]
	File:19 [1652244897, 323169889, 1961882949, 176390590, 1400944900, 1898551433]
	File:20 [958682846]
	File:21 [1909954149, 1136646449, 816941039, 917840538, 240251661, 835092972, 657091982]
	File:22 [2033929266, 977046129, 1321182659, 402418010, 911047815, 1880160025, 306702926, 420514789]
	File:23 [1609930218]
	File:24 [965067727, 825873196, 1819244083, 1861968817, 1335901990, 1849785671, 491298929, 1008752943]
	File:25 [1962491159, 83651970, 1706869362, 1299301222, 1917906456, 827143233, 487311805, 311570307, 1754569613, 1201124041]
	File:26 [1603828849, 1784572192]
	File:27 [1427818730, 1476426754, 2098228320, 284277889, 465342967, 1753841726, 1408776235, 1181241943, 780520225]
	File:28 [9257255, 1981903597]
	File:29 [465342967, 977046129, 2056061866]
	File:30 [1028439863, 1201474778, 232804774, 2018258729, 888346940, 1418198351, 158998032]
	File:31 [2056061866, 1540492440, 2079617090, 1159995046]
	File:32 [1362784338, 1997109065, 1439622619, 294296873, 1218853328, 969318858, 1494481363]
	File:33 [2098545541, 1745535098, 1567067057, 2010258946, 2123333781]
	File:34 [1427818730]
	File:35 [1421124738, 1452066459, 245522987, 720648887, 1753841726, 2108307952]
	File:36 [942408767, 854001193, 248786714, 215970859, 1277121963]
	File:37 [372214308, 929364954, 1027553177, 422701550, 1961882949, 945826486, 1140882778, 663801533, 1187556862, 1536778950]
	File:38 [656293602, 1348257414, 1145921803, 1670128972, 1323959527, 720648887]
	File:39 [1145921803, 1070298438, 422701550, 457788949, 196814233, 999270936, 1870778191]
	File:40 [1620104855, 1061886576, 1997109065, 1128466620]
	File:41 [823946934, 1508161137]
	File:42 [2005855667, 1549972386, 1109615163, 1525876051, 89101055, 164313410, 1728296502, 464267175]
	File:43 [2031417512, 2140506492]
	File:44 [1079770569, 969318858, 87531510, 1982979741, 1728760924]
	File:45 [1191043170, 1242911821, 1362784338, 863937247, 230249217, 1577691630, 965081954, 599310825, 680229045]
	File:46 [1403792057, 113971123]
	File:47 [1716605598, 429416213, 1461042543]
	File:48 [2041322270, 1315144891, 854316681]
	File:49 [1149938334, 490000526, 1631775357, 197529702, 521521078]
	File:50 [965081954, 1297896903, 495762348, 1968321319, 945826486]
	File:51 [1743499, 1403247962]
	File:52 [390452952, 1070298438, 1936179853, 1886149718]
	File:53 [770348179, 672302490]
	File:54 [1282287615, 373399426, 2005855667, 1974565461, 791835934, 2096929657, 2090237817, 1948385094]
	File:55 [568896616, 1566942273, 1716605598, 1839869544, 1425906387]
	File:56 [1628334692, 40361651, 1400944900]
	File:57 [562117925, 1064746525, 2024977737, 1373142116, 1754034197, 1196342297, 338258951, 770695571, 2018679284, 917840538]
	File:58 [1926780541, 251183830, 1637947177, 352116052, 1136646449, 690737494, 519709079, 195488441, 172793727]
	File:59 [387847884, 1745535098, 1557724698, 378213925, 1443665390, 1284857706, 1716495971, 1193887545]
	File:60 [274989148, 1044987715, 969318858, 1346922426, 1149938334, 1079770569, 1631775357, 913224047]
	File:61 [1210133979, 667779376]
	File:62 [323775634]
	File:63 [2081328344, 1117362852, 1284857706, 874275988, 417436465, 1498981529, 1392783743, 1140882778]
	File:64 [480468219, 1669221121, 542366274, 1770791023, 993260504, 258687184, 267429212]
	File:65 [1917906456]
	File:66 [1194673401, 543669676, 815605132, 1196591018, 542114964, 1103678092, 491914923, 1811967841, 1523961606, 1840877826]
	File:67 [1334661688, 1900838388]
	File:68 [823946934, 275860817, 599707677, 514909066]
	File:69 [933166190, 11017705, 1395925222, 1692304102, 638212450, 1028439863, 920140090, 133272825]
	File:70 [1064746525, 1061886576, 74059253, 1259191105]
	File:71 [936150587, 140515379, 426724858, 1962094851]
	File:72 [752438459, 2128023255, 1282531582, 1881988384, 1378934717, 1282287615, 298159856, 534094883, 431062656]
	File:73 [260329455, 680229045, 52679490, 1633724084, 964824319, 280647907, 561866144, 965067727, 1753617371]
	File:74 [1603828849]
	File:75 [1735918651, 1472659626, 1745535098, 2013042435, 1311598149, 1745595491, 417315900]
	File:76 [1178884276, 1822393017, 2137464556, 323408297, 911047815, 951749308, 1136253459, 2095718469, 440610570, 1800135697]
	File:77 [1334661688, 2108061573, 260060661, 1886149718, 317234448, 1281810600, 136505587]
	File:78 [321384892, 720648887, 1722989659, 1169288485, 1804138557, 1768294570]
	File:79 [963026855, 1903232052, 1316935719, 1736889606, 656439677]
	File:80 [983753977, 1002547591, 1501771491, 230249217, 946785248, 874443787, 1335901990]
	File:81 [1736889606, 110287971]
	File:82 [1955997540, 1825957977, 1072910527, 1867302554, 2018258729, 2098228320]
	File:83 [795212538, 965067727]
	File:84 [440213415, 917840538, 2040695043, 535261654]
	File:85 [469306919, 1816803306, 470939445, 955345537, 1591589823, 1315144891]
	File:86 [709214891, 2087313121, 1270762239, 1855548990, 805660882, 1288477634, 1536778950, 415393687]
	File:87 [388176285]
	File:88 [1090824373, 1461744198, 284277889, 1194819984, 187463722, 810255760, 2133427445, 491914923]
	File:89 [1366556920]
	File:90 [1028439863, 1652244897, 345495128, 816382125]
	File:91 [1267489756, 429416213, 1570991899, 166320906, 1034356087, 568896616]
	File:92 [1235368585, 1007142260, 318180503, 964824319, 1799682701, 1457293575, 1736526879, 943239974]
	File:93 [1071722055, 586298866, 1170496062, 892442253, 267429212]
	File:94 [344076115, 1707177877, 815605132, 1067970820, 676168421, 164313410, 1955997540, 977032766, 1032183433, 1998247509]
Number:816382125
	File:1 [348697524, 1225136114]
	File:2 [1785736751, 823946934, 1051454923, 770695571, 490000526, 322401182, 2024977737, 1549972386, 2069520666]
	File:3 [1995627518, 417315900, 747441732, 339166473, 1866437132]
	File:4 [1760844750, 58731376, 1769748771, 1138409539, 1121910732, 561866144, 2096929657, 519927529, 1812140441]
	File:5 [295456419, 1196050747, 1459753033, 906164396, 1133802214, 586298866]
	File:6 [89101055, 1995627518, 1388450337, 1511014697, 1498981529, 284277889, 1813163240]
	File:7 [378213925, 1061886576, 888346940, 1384049914, 706712922, 426204934, 1067970820, 2120834317, 2094011037, 1813163240]
	File:8 [13938521]
	File:9 [124660666, 667779376]
	File:10 [1822393017, 564409423, 1812140441, 1419179580, 1960488639, 1670128972]
	File:11 [1426725702, 1008330525, 1071722055, 49310608]
	File:12 [140515379, 304330003, 1652563013, 698594025, 1328367510, 664847319, 1304963614, 1986972437, 260060661, 1995627518]
	File:13 [1955690228, 680229045, 1061886576, 1461042543, 542223599, 654477195, 818665301]
	File:14 [587462342, 1707177877, 1736889606, 1491228808, 293864877, 469306919, 491995979, 52679490]
	File:15 [1297602688]
	File:16 [2031417512, 1284857706]
	File:17 [1131247330, 1388450337, 1870403050, 27911967]
	File:18 [1872111746, 698594025, 1813163240]
	File:19 [1652244897, 323169889, 1961882949, 176390590, 1400944900, 1898551433]
	File:20 [958682846]
	File:21 [1909954149, 1136646449, 816941039, 917840538, 240251661, 835092972, 657091982]
	File:22 [2033929266, 977046129, 1321182659, 402418010, 911047815, 1880160025, 306702926, 420514789]
	File:23 [1609930218]
	File:24 [965067727, 825873196, 1819244083, 1861968817, 1335901990, 1849785671, 491298929, 1008752943]
	File:25 [1962491159, 83651970, 1706869362, 1299301222, 1917906456, 827143233, 487311805, 311570307, 1754569613, 1201124041]
	File:26 [1603828849, 1784572192]
	File:27 [1427818730, 1476426754, 2098228320, 284277889, 465342967, 1753841726, 1408776235, 1181241943, 780520225]
	File:28 [9257255, 1981903597]
	File:29 [465342967, 977046129, 2056061866]
	File:30 [1028439863, 1201474778, 232804774, 2018258729, 888346940, 1418198351, 158998032]
	File:31 [2056061866, 1540492440, 2079617090, 1159995046]
	File:32 [1362784338, 1997109065, 1439622619, 294296873, 1218853328, 969318858, 1494481363]
	File:33 [2098545541, 1745535098, 1567067057, 2010258946, 2123333781]
	File:34 [1427818730]
	File:35 [1421124738, 1452066459, 245522987, 720648887, 1753841726, 2108307952]
	File:36 [942408767, 854001193, 248786714, 215970859, 1277121963]
	File:37 [372214308, 929364954, 1027553177, 422701550, 1961882949, 945826486, 1140882778, 663801533, 1187556862, 1536778950]
	File:38 [656293602, 1348257414, 1145921803, 1670128972, 1323959527, 720648887]
	File:39 [1145921803, 1070298438, 422701550, 457788949, 196814233, 999270936, 1870778191]
	File:40 [1620104855, 1061886576, 1997109065, 1128466620]
	File:41 [823946934, 1508161137]
	File:42 [2005855667, 1549972386, 1109615163, 1525876051, 89101055, 164313410, 1728296502, 464267175]
	File:43 [2031417512, 2140506492]
	File:44 [1079770569, 969318858, 87531510, 1982979741, 1728760924]
	File:45 [1191043170, 1242911821, 1362784338, 863937247, 230249217, 1577691630, 965081954, 599310825, 680229045]
	File:46 [1403792057, 113971123]
	File:47 [1716605598, 429416213, 1461042543]
	File:48 [2041322270, 1315144891, 854316681]
	File:49 [1149938334, 490000526, 1631775357, 197529702, 521521078]
	File:50 [965081954, 1297896903, 495762348, 1968321319, 945826486]
	File:51 [1743499, 1403247962]
	File:52 [390452952, 1070298438, 1936179853, 1886149718]
	File:53 [770348179, 672302490]
	File:54 [1282287615, 373399426, 2005855667, 1974565461, 791835934, 2096929657, 2090237817, 1948385094]
	File:55 [568896616, 1566942273, 1716605598, 1839869544, 1425906387]
	File:56 [1628334692, 40361651, 1400944900]
	File:57 [562117925, 1064746525, 2024977737, 1373142116, 1754034197, 1196342297, 338258951, 770695571, 2018679284, 917840538]
	File:58 [1926780541, 251183830, 1637947177, 352116052, 1136646449, 690737494, 519709079, 195488441, 172793727]
	File:59 [387847884, 1745535098, 1557724698, 378213925, 1443665390, 1284857706, 1716495971, 1193887545]
	File:60 [274989148, 1044987715, 969318858, 1346922426, 1149938334, 1079770569, 1631775357, 913224047]
	File:61 [1210133979, 667779376]
	File:62 [323775634]
	File:63 [2081328344, 1117362852, 1284857706, 874275988, 417436465, 1498981529, 1392783743, 1140882778]
	File:64 [480468219, 1669221121, 542366274, 1770791023, 993260504, 258687184, 267429212]
	File:65 [1917906456]
	File:66 [1194673401, 543669676, 815605132, 1196591018, 542114964, 1103678092, 491914923, 1811967841, 1523961606, 1840877826]
	File:67 [1334661688, 1900838388]
	File:68 [823946934, 275860817, 599707677, 514909066]
	File:69 [933166190, 11017705, 1395925222, 1692304102, 638212450, 1028439863, 920140090, 133272825]
	File:70 [1064746525, 1061886576, 74059253, 1259191105]
	File:71 [936150587, 140515379, 426724858, 1962094851]
	File:72 [752438459, 2128023255, 1282531582, 1881988384, 1378934717, 1282287615, 298159856, 534094883, 431062656]
	File:73 [260329455, 680229045, 52679490, 1633724084, 964824319, 280647907, 561866144, 965067727, 1753617371]
	File:74 [1603828849]
	File:75 [1735918651, 1472659626, 1745535098, 2013042435, 1311598149, 1745595491, 417315900]
	File:76 [1178884276, 1822393017, 2137464556, 323408297, 911047815, 951749308, 1136253459, 2095718469, 440610570, 1800135697]
	File:77 [1334661688, 2108061573, 260060661, 1886149718, 317234448, 1281810600, 136505587]
	File:78 [321384892, 720648887, 1722989659, 1169288485, 1804138557, 1768294570]
	File:79 [963026855, 1903232052, 1316935719, 1736889606, 656439677]
	File:80 [983753977, 1002547591, 1501771491, 230249217, 946785248, 874443787, 1335901990]
	File:81 [1736889606, 110287971]
	File:82 [1955997540, 1825957977, 1072910527, 1867302554, 2018258729, 2098228320]
	File:83 [795212538, 965067727]
	File:84 [440213415, 917840538, 2040695043, 535261654]
	File:85 [469306919, 1816803306, 470939445, 955345537, 1591589823, 1315144891]
	File:86 [709214891, 2087313121, 1270762239, 1855548990, 805660882, 1288477634, 1536778950, 415393687]
	File:87 [388176285]
	File:88 [1090824373, 1461744198, 284277889, 1194819984, 187463722, 810255760, 2133427445, 491914923]
	File:89 [1366556920]
	File:90 [1028439863, 1652244897, 345495128, 816382125]
Number:306702926
	File:1 [348697524, 1225136114]
	File:2 [1785736751, 823946934, 1051454923, 770695571, 490000526, 322401182, 2024977737, 1549972386, 2069520666]
	File:3 [1995627518, 417315900, 747441732, 339166473, 1866437132]
	File:4 [1760844750, 58731376, 1769748771, 1138409539, 1121910732, 561866144, 2096929657, 519927529, 1812140441]
	File:5 [295456419, 1196050747, 1459753033, 906164396, 1133802214, 586298866]
	File:6 [89101055, 1995627518, 1388450337, 1511014697, 1498981529, 284277889, 1813163240]
	File:7 [378213925, 1061886576, 888346940, 1384049914, 706712922, 426204934, 1067970820, 2120834317, 2094011037, 1813163240]
	File:8 [13938521]
	File:9 [124660666, 667779376]
	File:10 [1822393017, 564409423, 1812140441, 1419179580, 1960488639, 1670128972]
	File:11 [1426725702, 1008330525, 1071722055, 49310608]
	File:12 [140515379, 304330003, 1652563013, 698594025, 1328367510, 664847319, 1304963614, 1986972437, 260060661, 1995627518]
	File:13 [1955690228, 680229045, 1061886576, 1461042543, 542223599, 654477195, 818665301]
	File:14 [587462342, 1707177877, 1736889606, 1491228808, 293864877, 469306919, 491995979, 52679490]
	File:15 [1297602688]
	File:16 [2031417512, 1284857706]
	File:17 [1131247330, 1388450337, 1870403050, 27911967]
	File:18 [1872111746, 698594025, 1813163240]
	File:19 [1652244897, 323169889, 1961882949, 176390590, 1400944900, 1898551433]
	File:20 [958682846]
	File:21 [1909954149, 1136646449, 816941039, 917840538, 240251661, 835092972, 657091982]
	File:22 [2033929266, 977046129, 1321182659, 402418010, 911047815, 1880160025, 306702926, 420514789]
Number:372214308
	File:1 [348697524, 1225136114]
	File:2 [1785736751, 823946934, 1051454923, 770695571, 490000526, 322401182, 2024977737, 1549972386, 2069520666]
	File:3 [1995627518, 417315900, 747441732, 339166473, 1866437132]
	File:4 [1760844750, 58731376, 1769748771, 1138409539, 1121910732, 561866144, 2096929657, 519927529, 1812140441]
	File:5 [295456419, 1196050747, 1459753033, 906164396, 1133802214, 586298866]
	File:6 [89101055, 1995627518, 1388450337, 1511014697, 1498981529, 284277889, 1813163240]
	File:7 [378213925, 1061886576, 888346940, 1384049914, 706712922, 426204934, 1067970820, 2120834317, 2094011037, 1813163240]
	File:8 [13938521]
	File:9 [124660666, 667779376]
	File:10 [1822393017, 564409423, 1812140441, 1419179580, 1960488639, 1670128972]
	File:11 [1426725702, 1008330525, 1071722055, 49310608]
	File:12 [140515379, 304330003, 1652563013, 698594025, 1328367510, 664847319, 1304963614, 1986972437, 260060661, 1995627518]
	File:13 [1955690228, 680229045, 1061886576, 1461042543, 542223599, 654477195, 818665301]
	File:14 [587462342, 1707177877, 1736889606, 1491228808, 293864877, 469306919, 491995979, 52679490]
	File:15 [1297602688]
	File:16 [2031417512, 1284857706]
	File:17 [1131247330, 1388450337, 1870403050, 27911967]
	File:18 [1872111746, 698594025, 1813163240]
	File:19 [1652244897, 323169889, 1961882949, 176390590, 1400944900, 1898551433]
	File:20 [958682846]
	File:21 [1909954149, 1136646449, 816941039, 917840538, 240251661, 835092972, 657091982]
	File:22 [2033929266, 977046129, 1321182659, 402418010, 911047815, 1880160025, 306702926, 420514789]
	File:23 [1609930218]
	File:24 [965067727, 825873196, 1819244083, 1861968817, 1335901990, 1849785671, 491298929, 1008752943]
	File:25 [1962491159, 83651970, 1706869362, 1299301222, 1917906456, 827143233, 487311805, 311570307, 1754569613, 1201124041]
	File:26 [1603828849, 1784572192]
	File:27 [1427818730, 1476426754, 2098228320, 284277889, 465342967, 1753841726, 1408776235, 1181241943, 780520225]
	File:28 [9257255, 1981903597]
	File:29 [465342967, 977046129, 2056061866]
	File:30 [1028439863, 1201474778, 232804774, 2018258729, 888346940, 1418198351, 158998032]
	File:31 [2056061866, 1540492440, 2079617090, 1159995046]
	File:32 [1362784338, 1997109065, 1439622619, 294296873, 1218853328, 969318858, 1494481363]
	File:33 [2098545541, 1745535098, 1567067057, 2010258946, 2123333781]
	File:34 [1427818730]
	File:35 [1421124738, 1452066459, 245522987, 720648887, 1753841726, 2108307952]
	File:36 [942408767, 854001193, 248786714, 215970859, 1277121963]
	File:37 [372214308, 929364954, 1027553177, 422701550, 1961882949, 945826486, 1140882778, 663801533, 1187556862, 1536778950]
Number:464267175
	File:1 [348697524, 1225136114]
	File:2 [1785736751, 823946934, 1051454923, 770695571, 490000526, 322401182, 2024977737, 1549972386, 2069520666]
	File:3 [1995627518, 417315900, 747441732, 339166473, 1866437132]
	File:4 [1760844750, 58731376, 1769748771, 1138409539, 1121910732, 561866144, 2096929657, 519927529, 1812140441]
	File:5 [295456419, 1196050747, 1459753033, 906164396, 1133802214, 586298866]
	File:6 [89101055, 1995627518, 1388450337, 1511014697, 1498981529, 284277889, 1813163240]
	File:7 [378213925, 1061886576, 888346940, 1384049914, 706712922, 426204934, 1067970820, 2120834317, 2094011037, 1813163240]
	File:8 [13938521]
	File:9 [124660666, 667779376]
	File:10 [1822393017, 564409423, 1812140441, 1419179580, 1960488639, 1670128972]
	File:11 [1426725702, 1008330525, 1071722055, 49310608]
	File:12 [140515379, 304330003, 1652563013, 698594025, 1328367510, 664847319, 1304963614, 1986972437, 260060661, 1995627518]
	File:13 [1955690228, 680229045, 1061886576, 1461042543, 542223599, 654477195, 818665301]
	File:14 [587462342, 1707177877, 1736889606, 1491228808, 293864877, 469306919, 491995979, 52679490]
	File:15 [1297602688]
	File:16 [2031417512, 1284857706]
	File:17 [1131247330, 1388450337, 1870403050, 27911967]
	File:18 [1872111746, 698594025, 1813163240]
	File:19 [1652244897, 323169889, 1961882949, 176390590, 1400944900, 1898551433]
	File:20 [958682846]
	File:21 [1909954149, 1136646449, 816941039, 917840538, 240251661, 835092972, 657091982]
	File:22 [2033929266, 977046129, 1321182659, 402418010, 911047815, 1880160025, 306702926, 420514789]
	File:23 [1609930218]
	File:24 [965067727, 825873196, 1819244083, 1861968817, 1335901990, 1849785671, 491298929, 1008752943]
	File:25 [1962491159, 83651970, 1706869362, 1299301222, 1917906456, 827143233, 487311805, 311570307, 1754569613, 1201124041]
	File:26 [1603828849, 1784572192]
	File:27 [1427818730, 1476426754, 2098228320, 284277889, 465342967, 1753841726, 1408776235, 1181241943, 780520225]
	File:28 [9257255, 1981903597]
	File:29 [465342967, 977046129, 2056061866]
	File:30 [1028439863, 1201474778, 232804774, 2018258729, 888346940, 1418198351, 158998032]
	File:31 [2056061866, 1540492440, 2079617090, 1159995046]
	File:32 [1362784338, 1997109065, 1439622619, 294296873, 1218853328, 969318858, 1494481363]
	File:33 [2098545541, 1745535098, 1567067057, 2010258946, 2123333781]
	File:34 [1427818730]
	File:35 [1421124738, 1452066459, 245522987, 720648887, 1753841726, 2108307952]
	File:36 [942408767, 854001193, 248786714, 215970859, 1277121963]
	File:37 [372214308, 929364954, 1027553177, 422701550, 1961882949, 945826486, 1140882778, 663801533, 1187556862, 1536778950]
	File:38 [656293602, 1348257414, 1145921803, 1670128972, 1323959527, 720648887]
	File:39 [1145921803, 1070298438, 422701550, 457788949, 196814233, 999270936, 1870778191]
	File:40 [1620104855, 1061886576, 1997109065, 1128466620]
	File:41 [823946934, 1508161137]
	File:42 [2005855667, 1549972386, 1109615163, 1525876051, 89101055, 164313410, 1728296502, 464267175]
Number:1197987692
	File:1 [348697524, 1225136114]
	File:2 [1785736751, 823946934, 1051454923, 770695571, 490000526, 322401182, 2024977737, 1549972386, 2069520666]
	File:3 [1995627518, 417315900, 747441732, 339166473, 1866437132]
	File:4 [1760844750, 58731376, 1769748771, 1138409539, 1121910732, 561866144, 2096929657, 519927529, 1812140441]
	File:5 [295456419, 1196050747, 1459753033, 906164396, 1133802214, 586298866]
	File:6 [89101055, 1995627518, 1388450337, 1511014697, 1498981529, 284277889, 1813163240]
	File:7 [378213925, 1061886576, 888346940, 1384049914, 706712922, 426204934, 1067970820, 2120834317, 2094011037, 1813163240]
	File:8 [13938521]
	File:9 [124660666, 667779376]
	File:10 [1822393017, 564409423, 1812140441, 1419179580, 1960488639, 1670128972]
	File:11 [1426725702, 1008330525, 1071722055, 49310608]
	File:12 [140515379, 304330003, 1652563013, 698594025, 1328367510, 664847319, 1304963614, 1986972437, 260060661, 1995627518]
	File:13 [1955690228, 680229045, 1061886576, 1461042543, 542223599, 654477195, 818665301]
	File:14 [587462342, 1707177877, 1736889606, 1491228808, 293864877, 469306919, 491995979, 52679490]
	File:15 [1297602688]
	File:16 [2031417512, 1284857706]
	File:17 [1131247330, 1388450337, 1870403050, 27911967]
	File:18 [1872111746, 698594025, 1813163240]
	File:19 [1652244897, 323169889, 1961882949, 176390590, 1400944900, 1898551433]
	File:20 [958682846]
	File:21 [1909954149, 1136646449, 816941039, 917840538, 240251661, 835092972, 657091982]
	File:22 [2033929266, 977046129, 1321182659, 402418010, 911047815, 1880160025, 306702926, 420514789]
	File:23 [1609930218]
	File:24 [965067727, 825873196, 1819244083, 1861968817, 1335901990, 1849785671, 491298929, 1008752943]
	File:25 [1962491159, 83651970, 1706869362, 1299301222, 1917906456, 827143233, 487311805, 311570307, 1754569613, 1201124041]
	File:26 [1603828849, 1784572192]
	File:27 [1427818730, 1476426754, 2098228320, 284277889, 465342967, 1753841726, 1408776235, 1181241943, 780520225]
	File:28 [9257255, 1981903597]
	File:29 [465342967, 977046129, 2056061866]
	File:30 [1028439863, 1201474778, 232804774, 2018258729, 888346940, 1418198351, 158998032]
	File:31 [2056061866, 1540492440, 2079617090, 1159995046]
	File:32 [1362784338, 1997109065, 1439622619, 294296873, 1218853328, 969318858, 1494481363]
	File:33 [2098545541, 1745535098, 1567067057, 2010258946, 2123333781]
	File:34 [1427818730]
	File:35 [1421124738, 1452066459, 245522987, 720648887, 1753841726, 2108307952]
	File:36 [942408767, 854001193, 248786714, 215970859, 1277121963]
	File:37 [372214308, 929364954, 1027553177, 422701550, 1961882949, 945826486, 1140882778, 663801533, 1187556862, 1536778950]
	File:38 [656293602, 1348257414, 1145921803, 1670128972, 1323959527, 720648887]
	File:39 [1145921803, 1070298438, 422701550, 457788949, 196814233, 999270936, 1870778191]
	File:40 [1620104855, 1061886576, 1997109065, 1128466620]
	File:41 [823946934, 1508161137]
	File:42 [2005855667, 1549972386, 1109615163, 1525876051, 89101055, 164313410, 1728296502, 464267175]
	File:43 [2031417512, 2140506492]
	File:44 [1079770569, 969318858, 87531510, 1982979741, 1728760924]
	File:45 [1191043170, 1242911821, 1362784338, 863937247, 230249217, 1577691630, 965081954, 599310825, 680229045]
	File:46 [1403792057, 113971123]
	File:47 [1716605598, 429416213, 1461042543]
	File:48 [2041322270, 1315144891, 854316681]
	File:49 [1149938334, 490000526, 1631775357, 197529702, 521521078]
	File:50 [965081954, 1297896903, 495762348, 1968321319, 945826486]
	File:51 [1743499, 1403247962]
	File:52 [390452952, 1070298438, 1936179853, 1886149718]
	File:53 [770348179, 672302490]
	File:54 [1282287615, 373399426, 2005855667, 1974565461, 791835934, 2096929657, 2090237817, 1948385094]
	File:55 [568896616, 1566942273, 1716605598, 1839869544, 1425906387]
	File:56 [1628334692, 40361651, 1400944900]
	File:57 [562117925, 1064746525, 2024977737, 1373142116, 1754034197, 1196342297, 338258951, 770695571, 2018679284, 917840538]
	File:58 [1926780541, 251183830, 1637947177, 352116052, 1136646449, 690737494, 519709079, 195488441, 172793727]
	File:59 [387847884, 1745535098, 1557724698, 378213925, 1443665390, 1284857706, 1716495971, 1193887545]
	File:60 [274989148, 1044987715, 969318858, 1346922426, 1149938334, 1079770569, 1631775357, 913224047]
	File:61 [1210133979, 667779376]
	File:62 [323775634]
	File:63 [2081328344, 1117362852, 1284857706, 874275988, 417436465, 1498981529, 1392783743, 1140882778]
	File:64 [480468219, 1669221121, 542366274, 1770791023, 993260504, 258687184, 267429212]
	File:65 [1917906456]
	File:66 [1194673401, 543669676, 815605132, 1196591018, 542114964, 1103678092, 491914923, 1811967841, 1523961606, 1840877826]
	File:67 [1334661688, 1900838388]
	File:68 [823946934, 275860817, 599707677, 514909066]
	File:69 [933166190, 11017705, 1395925222, 1692304102, 638212450, 1028439863, 920140090, 133272825]
	File:70 [1064746525, 1061886576, 74059253, 1259191105]
	File:71 [936150587, 140515379, 426724858, 1962094851]
	File:72 [752438459, 2128023255, 1282531582, 1881988384, 1378934717, 1282287615, 298159856, 534094883, 431062656]
	File:73 [260329455, 680229045, 52679490, 1633724084, 964824319, 280647907, 561866144, 965067727, 1753617371]
	File:74 [1603828849]
	File:75 [1735918651, 1472659626, 1745535098, 2013042435, 1311598149, 1745595491, 417315900]
	File:76 [1178884276, 1822393017, 2137464556, 323408297, 911047815, 951749308, 1136253459, 2095718469, 440610570, 1800135697]
	File:77 [1334661688, 2108061573, 260060661, 1886149718, 317234448, 1281810600, 136505587]
	File:78 [321384892, 720648887, 1722989659, 1169288485, 1804138557, 1768294570]
	File:79 [963026855, 1903232052, 1316935719, 1736889606, 656439677]
	File:80 [983753977, 1002547591, 1501771491, 230249217, 946785248, 874443787, 1335901990]
	File:81 [1736889606, 110287971]
	File:82 [1955997540, 1825957977, 1072910527, 1867302554, 2018258729, 2098228320]
	File:83 [795212538, 965067727]
	File:84 [440213415, 917840538, 2040695043, 535261654]
	File:85 [469306919, 1816803306, 470939445, 955345537, 1591589823, 1315144891]
	File:86 [709214891, 2087313121, 1270762239, 1855548990, 805660882, 1288477634, 1536778950, 415393687]
	File:87 [388176285]
	File:88 [1090824373, 1461744198, 284277889, 1194819984, 187463722, 810255760, 2133427445, 491914923]
	File:89 [1366556920]
	File:90 [1028439863, 1652244897, 345495128, 816382125]
	File:91 [1267489756, 429416213, 1570991899, 166320906, 1034356087, 568896616]
	File:92 [1235368585, 1007142260, 318180503, 964824319, 1799682701, 1457293575, 1736526879, 943239974]
	File:93 [1071722055, 586298866, 1170496062, 892442253, 267429212]
	File:94 [344076115, 1707177877, 815605132, 1067970820, 676168421, 164313410, 1955997540, 977032766, 1032183433, 1998247509]
	File:95 [524671997, 1880160025, 2016446768, 392245997, 950764876, 1083497965, 770348179, 2016044512]
	File:96 [106456634, 999270936, 2075362821, 672302490, 1096619850, 1421124738, 115820025, 318180503]
	File:97 [988350974, 833728665, 543669676, 1629748727, 1652563013, 1321182659, 604546780, 1250949136, 519927529]
	File:98 [1774884818]
	File:99 [1072910527, 390452952, 707111048, 1015242176, 2016044512, 297265480, 1338811290, 159824875]
	File:100 [1075321966, 1872111746, 594312071, 1745535098, 679282378, 917840538, 1125974687, 1954246074, 267429212, 951749308]
Number 1197987692 in file proc42.output at line 1 is not present in any config file
